43210
ABCDE

(~A&~B&~C&D&E)|(~A&~B&~C&D&~E)|(~A&~B&C&~D&E)|(~A&~B&C&D&E)|(~A&B&~C&D&E)|(~A&B&C&~D&E)|(A&~B&~C&~D&E)|(A&~B&C&~D&~E)|(A&~B&C&D&E)|(A&B&C&!D&E)|(A&B&C&D&E)

00000	0
00001	1	
00010	2	1 	
00011	3	1	
00100	4
00101	5	1	
00110	6
00111	7	1	
01000	8
01001	9
01010	10
01011	11	1	
01100	12
01101	13	1	
01110	14
01111	15
10000	16
10001	17	1	
10010	18
10011	19	1	(A&~B&~C&D&E)
10100	20
10101	21
10110	22
10111	23	1	
11000	24
11001	25
11010	26
11011	27
11100	28
11101	29	1	
11110	30
11111	31	1	


	
